0 0.634115 0.553241 0.013021 0.023148
0 0.673177 0.462963 0.006771 0.012963
0 0.585417 0.420370 0.006250 0.009259
0 0.640104 0.221296 0.007292 0.016667
0 0.641406 0.256944 0.005729 0.012037
0 0.715104 0.289352 0.004167 0.012037
0 0.374479 0.186111 0.007292 0.016667
0 0.150521 0.212037 0.019792 0.035185
5 0.376823 0.457407 0.048438 0.092593
5 0.063802 0.553704 0.043229 0.072222
5 0.726302 0.088426 0.043229 0.084259
5 0.731250 0.637500 0.042708 0.091667
0 0.808073 0.406019 0.006771 0.013889
0 0.664323 0.042593 0.005729 0.011111
0 0.669792 0.051852 0.005208 0.009259
0 0.322396 0.215278 0.006250 0.010185