5 0.376823 0.456019 0.048438 0.093519
5 0.062500 0.554167 0.047917 0.071296
5 0.730469 0.637963 0.046354 0.092593
0 0.633854 0.550463 0.010417 0.021296
0 0.673177 0.465278 0.006771 0.010185
5 0.727344 0.089352 0.043229 0.089815
0 0.715365 0.290278 0.004687 0.012037
0 0.640104 0.221759 0.005208 0.013889
0 0.641406 0.258333 0.004687 0.011111
0 0.664323 0.041667 0.006771 0.011111
0 0.669792 0.050463 0.005208 0.010185
0 0.585938 0.419444 0.006250 0.009259
0 0.150260 0.212963 0.018229 0.031481
0 0.374219 0.187037 0.009896 0.018519
0 0.808594 0.406019 0.005729 0.013889
0 0.322656 0.215278 0.006771 0.010185