0 0.217448 0.822685 0.014063 0.023148
5 0.558854 0.706944 0.043750 0.082407
5 0.866406 0.696759 0.033854 0.076852
5 0.816406 0.219907 0.039062 0.076852
5 0.251302 0.067593 0.043229 0.085185
0 0.488802 0.269907 0.015104 0.023148
0 0.332031 0.594907 0.018229 0.032407
0 0.783333 0.671759 0.009375 0.019444
0 0.529687 0.468981 0.008333 0.015741
0 0.580729 0.094444 0.007292 0.012963
0 0.591927 0.088426 0.007812 0.013889
0 0.723437 0.082870 0.006250 0.012037
0 0.627083 0.024537 0.005208 0.010185
5 0.292187 0.932870 0.048958 0.073148