5 0.136458 0.381944 0.032292 0.060185
0 0.404687 0.396759 0.021875 0.043519
0 0.198698 0.306481 0.020313 0.031481
5 0.572656 0.374537 0.032813 0.060185
0 0.469010 0.679167 0.008854 0.013889
0 0.458333 0.775463 0.009375 0.025000
5 0.392969 0.759722 0.039062 0.067593
5 0.665104 0.704167 0.036458 0.050926
5 0.565625 0.541667 0.005208 0.011111
0 0.603646 0.616204 0.006250 0.013889
0 0.619271 0.611574 0.009375 0.017593
0 0.631771 0.607870 0.005208 0.008333
0 0.441406 0.719444 0.006771 0.012963
5 0.195312 0.931944 0.035417 0.067593