5 0.557292 0.708333 0.043750 0.081481
0 0.783333 0.670833 0.009375 0.019444
5 0.865885 0.697222 0.036979 0.077778
5 0.816667 0.220833 0.037500 0.078704
5 0.250521 0.067130 0.043750 0.086111
0 0.217448 0.822222 0.015104 0.024074
5 0.288021 0.931481 0.042708 0.083333
0 0.330469 0.596296 0.019271 0.038889
0 0.489583 0.269907 0.012500 0.019444
0 0.580990 0.093981 0.007812 0.013889
0 0.591667 0.088889 0.008333 0.014815
0 0.723437 0.082407 0.005208 0.009259
0 0.626563 0.025000 0.007292 0.012963
0 0.529948 0.469444 0.006771 0.014815