5 0.557813 0.706944 0.043750 0.078704
0 0.783333 0.671759 0.010417 0.017593
5 0.865885 0.695833 0.035937 0.076852
5 0.816927 0.218981 0.039062 0.073148
5 0.250781 0.065278 0.044271 0.087963
5 0.288021 0.930093 0.043750 0.086111
0 0.217188 0.823148 0.012500 0.016667
0 0.331771 0.593519 0.017708 0.035185
0 0.489323 0.269907 0.013021 0.017593
0 0.723698 0.082870 0.005729 0.010185
0 0.626563 0.025463 0.008333 0.013889
0 0.580990 0.093519 0.007812 0.012963
0 0.591927 0.087963 0.006771 0.014815
0 0.529948 0.469444 0.007812 0.016667